0,423
0,422
0,421
0,420
0,419
0,418
51,6
51,5
51,4
51,0
0,417
0,416
0,415
51,2
0,414
0,386
4,89
4,69
4,34
4,25
6,6
6,5
6,4
5,3
4,41
4,40
4,17
4,16
4,4
4,30
4,23
4,79
4,2
4,3
52,40
52,39
52,38
52,37
52,36
53,3
53,2
0,9
53,1
53,0
52,35
51,1
51,3
3,2
3,1
3,3
10,265
10,244
10,222
10,241
10,148
10,67
10,160
10,1
10,150
10,2
10,3
11,8
11,10
11,11
11,20
11,9
11,24
11,1
11,29
11,2
11,3
9,7
9,4
9,1
9,6
9,2
9,3
8,16
8,6
8,4
8,14
8,5
8,12
8,13
8,1
8,17
8,2
8,3
12,2
12,1
12,3
20,2
20,1
20,3
19,2
19,1
19,3
18,1
18,3
14,1
14,3
